0.000010 0.999960 0.000010 0.000010 0.000010
0.000010 0.000010 0.000010 0.999960 0.000010
0.000010 0.999960 0.000010 0.000010 0.000010
0.000010 0.000010 0.000010 0.999960 0.000010
0.000010 0.000012 0.000010 0.000010 0.999958
0.000010 0.000010 0.000010 0.999960 0.000010
0.000010 0.000011 0.999957 0.000011 0.000010
0.657948 0.342022 0.000010 0.000010 0.000010
0.983518 0.000010 0.000010 0.016452 0.000010
0.000010 0.000010 0.000010 0.999960 0.000010
0.000010 0.000011 0.999959 0.000010 0.000010
0.000010 0.000010 0.000010 0.999960 0.000010
0.000010 0.000011 0.000010 0.000010 0.999959
0.000010 0.000011 0.000010 0.999959 0.000010
0.000010 0.999960 0.000010 0.000010 0.000010
0.000010 0.000010 0.999960 0.000010 0.000010
0.721997 0.277973 0.000010 0.000010 0.000010
0.167011 0.067956 0.108282 0.172624 0.484127
0.683983 0.315987 0.000010 0.000010 0.000010
0.823296 0.176674 0.000010 0.000010 0.000010
0.000010 0.999960 0.000010 0.000010 0.000010
0.721312 0.278658 0.000010 0.000010 0.000010
0.983898 0.000010 0.000010 0.016072 0.000010
0.000010 0.000010 0.000010 0.999960 0.000010
0.000010 0.000010 0.000010 0.000010 0.999960
0.984702 0.000010 0.000010 0.015268 0.000010
0.000010 0.000010 0.000010 0.000010 0.999960
0.823302 0.176668 0.000010 0.000010 0.000010
0.000010 0.000010 0.000010 0.000010 0.999960
0.578487 0.421483 0.000010 0.000010 0.000010
0.000010 0.999960 0.000010 0.000010 0.000010
0.000010 0.000011 0.999959 0.000010 0.000010
