0.999939 0.000010 0.000010 0.000011 0.000010 0.000010 0.000010
0.000010 0.000010 0.000010 0.999940 0.000010 0.000010 0.000010
0.999872 0.000010 0.000078 0.000010 0.000010 0.000010 0.000010
0.000010 0.000010 0.000010 0.999940 0.000010 0.000010 0.000010
0.000010 0.000010 0.000010 0.000010 0.999940 0.000010 0.000010
0.000010 0.000010 0.000010 0.999940 0.000010 0.000010 0.000010
0.000019 0.000010 0.000017 0.000011 0.000010 0.999923 0.000010
0.896915 0.103035 0.000010 0.000010 0.000010 0.000010 0.000010
0.000010 0.000010 0.999930 0.000020 0.000010 0.000010 0.000010
0.000010 0.000010 0.000010 0.999940 0.000010 0.000010 0.000010
0.000010 0.000010 0.000010 0.000010 0.000010 0.999940 0.000010
0.000010 0.000010 0.000010 0.999940 0.000010 0.000010 0.000010
0.000010 0.000013 0.000010 0.000010 0.999937 0.000010 0.000010
0.000010 0.000010 0.000010 0.999940 0.000010 0.000010 0.000010
0.999940 0.000010 0.000010 0.000010 0.000010 0.000010 0.000010
0.000010 0.000010 0.000017 0.000010 0.000010 0.999933 0.000010
0.989069 0.010873 0.000010 0.000013 0.000015 0.000010 0.000010
0.000010 0.000010 0.000010 0.000010 0.000010 0.000010 0.999940
0.874926 0.125016 0.000010 0.000013 0.000015 0.000010 0.000010
0.000010 0.999940 0.000010 0.000010 0.000010 0.000010 0.000010
0.999940 0.000010 0.000010 0.000010 0.000010 0.000010 0.000010
0.983162 0.016785 0.000010 0.000010 0.000013 0.000010 0.000010
0.000010 0.000010 0.999897 0.000010 0.000010 0.000053 0.000010
0.000010 0.000010 0.000010 0.999940 0.000010 0.000010 0.000010
0.000010 0.000010 0.000010 0.000010 0.999940 0.000010 0.000010
0.000010 0.000010 0.999940 0.000010 0.000010 0.000010 0.000010
0.000012 0.000015 0.000010 0.000010 0.999934 0.000010 0.000010
0.000010 0.999940 0.000010 0.000010 0.000010 0.000010 0.000010
0.000012 0.000010 0.000010 0.000010 0.999938 0.000010 0.000010
0.667393 0.332557 0.000010 0.000010 0.000010 0.000010 0.000010
0.999938 0.000010 0.000012 0.000010 0.000010 0.000010 0.000010
0.000010 0.000010 0.000010 0.000010 0.000010 0.999940 0.000010
